 This output is generated by fleur 32 
                                       * * 
                                     * \:/ *
                                     *  |  *
                                       * *  
 

This is FLEUR version: fleur 32
FLEUR was compiled:
   at: 2020-12-09T16:17:06
   by: wortmann
   on: iffcluster1911.iff.kfa-juelich.de
Its git version is:
   described by: MaX-R5-16-ge65921a
   from branch:  release
   with hash:    e65921a445fcf96785ac9faa2f4f8890f5f3a701
Compiler info:
   flags     :  -mkl -Wl,--allow-multiple-definition -static-intel -mkl -assume byterecl -r8 -qopenmp
   link flags:  -lmkl_scalapack_lp64;-lmkl_blacs_intelmpi_lp64;/usr/lib64/libxml2.so
 No system architecture specified in Makefile
 Additional flags are: CPP_MPI  CPP_HDF  
I use 0. derivative of l = 0
I use 0. derivative of l = 1
 atoms%lapw_l(n) =           -1


     group operations on equivalent atoms:
     atom    1 can be mapped into atom    1 through group  operation   1
     atom    1 can be mapped into atom    2 through group  operation   3
     atom    3 can be mapped into atom    3 through group  operation   1


 multiplication table


   1  2  3  4  5  6  7  8  9 10 11 12 13 14 15 16 17 18 19 20 21 22 23 24 25 26 27 28 29 30 31 32 33 34 35 36 37 38 39 40 41 42 43 44 45 46 47 48
   2  1  4  3  6  5  8  7 14 15 16 13 12  9 10 11 25 27 26 28 34 35 33 36 17 19 18 20 38 37 39 40 23 21 22 24 30 29 31 32 45 46 47 48 41 42 43 44
   3  4  1  2  8  7  6  5 25 26 27 28 20 17 19 18 14 16 15 13 35 34 36 33  9 10 11 12 47 45 46 48 24 22 21 23 41 43 42 44 37 39 38 40 30 31 29 32
   4  3  2  1  7  8  5  6 17 19 18 20 28 25 26 27  9 11 10 12 22 21 24 23 14 15 16 13 43 41 42 44 36 35 34 33 45 47 46 48 30 31 29 32 37 39 38 40
   5  6  8  7  1  2  4  3 40 38 39 37 30 32 29 31 48 46 47 45 33 36 34 35 44 43 42 41 15 13 16 14 21 23 24 22 12 10 11  9 28 27 26 25 20 18 19 17
   6  5  7  8  2  1  3  4 32 29 31 30 37 40 38 39 44 42 43 41 23 24 21 22 48 47 46 45 10 12 11  9 34 33 36 35 13 15 16 14 20 18 19 17 28 27 26 25
   7  8  6  5  4  3  1  2 48 47 46 45 41 44 43 42 40 39 38 37 36 33 35 34 32 29 31 30 26 28 27 25 22 24 23 21 20 19 18 17 13 16 15 14 12 11 10  9
   8  7  5  6  3  4  2  1 44 43 42 41 45 48 47 46 32 31 29 30 24 23 22 21 40 38 39 37 19 20 18 17 35 36 33 34 28 26 27 25 12 11 10  9 13 16 15 14
   9 10 12 11 46 45 48 47 36 35 33 34 25 28 27 26  4  1  3  2 39 40 37 38 43 44 41 42 14 16 13 15 17 19 20 18  8  6  7  5 32 29 31 30 24 22 23 21
  10  9 11 12 45 46 47 48 28 27 26 25 34 36 35 33 43 41 44 42 19 20 17 18  4  3  1  2  6  8  7  5 37 39 40 38 16 14 13 15 24 22 23 21 32 29 31 30
  11 12 10  9 48 47 46 45  4  3  1  2 42 43 44 41 36 33 35 34 40 39 38 37 28 27 26 25 31 32 29 30 18 20 19 17 24 23 22 21 16 13 14 15  8  7  6  5
  12 11  9 10 47 48 45 46 43 44 41 42  2  4  3  1 28 26 27 25 20 19 18 17 36 35 33 34 23 24 22 21 38 40 39 37 32 31 29 30  8  7  6  5 16 13 14 15
  13 16 14 15 43 44 41 42 47 48 45 46  1  3  4  2 20 19 18 17 28 26 27 25 24 22 23 21 33 36 35 34 29 32 31 30 40 39 38 37  7  8  5  6 11 12  9 10
  14 15 13 16 42 41 44 43 24 22 23 21 17 20 18 19  3  2  4  1 31 32 30 29 47 48 45 46  9 11 12 10 25 26 28 27  7  5  8  6 40 38 39 37 36 35 33 34
  15 14 16 13 41 42 43 44 20 18 19 17 21 24 22 23 47 45 48 46 26 28 25 27  3  4  2  1  5  7  8  6 30 31 32 29 11  9 12 10 36 35 33 34 40 38 39 37
  16 13 15 14 44 43 42 41  3  4  2  1 46 47 48 45 24 23 22 21 32 31 29 30 20 18 19 17 39 40 38 37 27 28 26 25 36 33 35 34 11 12  9 10  7  8  5  6
  17 19 20 18 39 37 40 38 33 34 36 35 14 13 16 15  1  4  2  3 46 48 45 47 29 32 30 31 25 27 28 26  9 10 12 11  6  8  5  7 44 43 42 41 23 21 24 22
  18 20 19 17 40 38 39 37  1  2  4  3 31 29 32 30 33 36 34 35 48 46 47 45 13 16 15 14 42 44 43 41 11 12 10  9 23 24 21 22 27 28 25 26  6  5  8  7
  19 17 18 20 37 39 38 40 13 16 15 14 35 33 34 36 29 30 32 31 10 12  9 11  1  2  4  3  8  6  5  7 45 46 48 47 27 25 28 26 23 21 24 22 44 43 42 41
  20 18 17 19 38 40 37 39 29 32 30 31  3  1  2  4 13 15 16 14 12 10 11  9 33 34 36 35 24 23 21 22 47 48 46 45 44 42 43 41  6  5  8  7 27 28 25 26
  21 23 24 22 33 34 36 35 39 37 40 38 15 16 13 14 46 48 45 47  1  4  2  3 27 28 25 26 30 29 32 31  5  6  8  7 10 12  9 11 43 44 41 42 19 17 20 18
  22 24 23 21 36 35 33 34 46 45 48 47 26 27 28 25 39 40 37 38  4  1  3  2 16 13 14 15 41 43 44 42  7  8  6  5 19 20 17 18 29 32 30 31 10  9 12 11
  23 21 22 24 34 33 35 36 16 13 14 15 38 39 37 40 27 25 28 26  6  8  5  7 46 45 48 47 12 10  9 11  2  1  4  3 29 30 32 31 19 17 20 18 43 44 41 42
  24 22 21 23 35 36 34 33 27 28 25 26 47 46 45 48 16 14 13 15  8  6  7  5 39 37 40 38 20 19 17 18  3  4  1  2 43 41 44 42 10  9 12 11 29 32 30 31
  25 26 28 27 31 30 32 29 23 21 24 22  9 12 11 10  2  3  1  4 42 44 41 43 38 40 37 39 17 18 20 19 14 15 13 16  5  7  6  8 48 47 46 45 33 34 36 35
  26 25 27 28 30 31 29 32 12 11 10  9 22 23 21 24 38 37 40 39 15 13 14 16  2  1  3  4  7  5  6  8 41 42 44 43 18 17 20 19 33 34 36 35 48 47 46 45
  27 28 26 25 32 29 31 30  2  1  3  4 39 38 40 37 23 24 21 22 44 42 43 41 12 11 10  9 46 48 47 45 16 13 15 14 33 36 34 35 18 20 17 19  5  6  7  8
  28 27 25 26 29 32 30 31 38 40 37 39  4  2  1  3 12 10 11  9 13 15 16 14 23 21 24 22 36 33 34 35 43 44 42 41 48 46 47 45  5  6  7  8 18 20 17 19
  29 32 31 30 28 27 26 25 45 46 47 48 33 35 36 34 19 20 17 18 43 41 44 42  8  7  6  5  1  4  3  2 13 16 14 15 39 40 37 38 22 24 21 23  9 10 11 12
  30 31 32 29 26 25 28 27 19 17 20 18  5  8  7  6 45 47 46 48 41 43 42 44 35 36 34 33 21 22 24 23 15 14 16 13  9 11 10 12  4  3  1  2 39 37 40 38
  31 30 29 32 25 26 27 28  8  7  6  5 18 19 17 20 35 34 36 33 14 16 15 13 45 46 47 48 11  9 10 12 42 41 43 44 22 21 24 23 39 37 40 38  4  3  1  2
  32 29 30 31 27 28 25 26 35 36 34 33 48 45 46 47  8  6  7  5 16 14 13 15 19 17 20 18 40 39 37 38 44 43 41 42  4  1  3  2  9 10 11 12 22 24 21 23
  33 34 35 36 21 23 22 24 11 12  9 10 29 31 30 32 18 17 20 19  5  7  6  8 42 41 44 43 13 15 14 16  1  2  3  4 38 37 40 39 26 25 28 27 47 48 45 46
  34 33 36 35 23 21 24 22 31 30 32 29 10 11 12  9 42 44 41 43  2  3  1  4 18 20 17 19 37 38 40 39  6  5  7  8 15 13 14 16 47 48 45 46 26 25 28 27
  35 36 33 34 24 22 23 21 42 41 44 43 19 18 20 17 31 32 30 29  3  2  4  1 11 12  9 10 45 47 48 46  8  7  5  6 26 28 25 27 38 40 37 39 15 14 13 16
  36 35 34 33 22 24 21 23 18 20 17 19 43 42 41 44 11  9 12 10  7  5  8  6 31 30 32 29 28 26 25 27  4  3  2  1 47 45 48 46 15 14 13 16 38 40 37 39
  37 39 40 38 19 17 20 18 26 25 28 27  6  7  8  5 41 43 42 44 45 47 46 48 22 24 21 23 34 35 36 33 10  9 11 12 14 16 15 13  3  4  2  1 31 30 32 29
  38 40 39 37 20 18 19 17 41 42 43 44 23 22 24 21 26 28 25 27 47 45 48 46  7  8  5  6  2  3  4  1 12 11  9 10 31 32 30 29 35 36 34 33 14 15 16 13
  39 37 38 40 17 19 18 20  7  8  5  6 27 26 25 28 22 21 24 23  9 11 10 12 41 42 43 44 16 14 15 13 46 45 47 48 35 34 36 33 31 30 32 29  3  4  2  1
  40 38 37 39 18 20 17 19 22 24 21 23 44 41 42 43  7  5  8  6 11  9 12 10 26 25 28 27 32 31 30 29 48 47 45 46  3  2  4  1 14 15 16 13 35 36 34 33
  41 42 44 43 15 14 13 16 10  9 12 11  7  6  5  8 37 38 39 40 30 29 31 32 34 33 35 36 22 21 23 24 26 25 27 28 17 18 19 20  1  2  4  3 46 45 48 47
  42 41 43 44 14 15 16 13  6  5  8  7 11 10  9 12 34 35 33 36 25 27 26 28 37 39 38 40 18 17 19 20 31 30 29 32 21 22 23 24 46 45 48 47  1  2  4  3
  43 44 42 41 13 16 15 14 37 39 38 40 36 34 33 35 10 12  9 11 29 30 32 31  6  5  8  7  4  1  2  3 28 27 25 26 46 48 45 47 21 23 22 24 17 19 18 20
  44 43 41 42 16 13 14 15 34 33 35 36 40 37 39 38  6  8  5  7 27 25 28 26 10  9 12 11 48 46 45 47 32 29 30 31  1  4  2  3 17 19 18 20 21 23 22 24
  45 46 48 47 10  9 12 11 15 14 13 16  8  5  6  7 30 29 31 32 37 38 39 40 21 23 22 24 35 34 33 36 19 17 18 20 25 27 26 28  2  1  3  4 42 41 44 43
  46 45 47 48  9 10 11 12  5  6  7  8 16 15 14 13 21 22 23 24 17 18 19 20 30 31 29 32 27 25 26 28 39 37 38 40 34 35 33 36 42 41 44 43  2  1  3  4
  47 48 46 45 12 11 10  9 30 31 29 32 24 21 23 22 15 13 14 16 38 37 40 39  5  6  7  8  3  2  1  4 20 18 17 19 42 44 41 43 34 33 35 36 25 26 27 28
  48 47 45 46 11 12  9 10 21 23 22 24 32 30 31 29  5  7  6  8 18 17 20 19 15 14 13 16 44 42 41 43 40 38 37 39  2  3  1  4 25 26 27 28 34 33 35 36


 inverse operations


   1  1
   2  2
   3  3
   4  4
   5  5
   6  6
   7  7
   8  8
   9 18
  10 27
  11 11
  12 16
  13 13
  14 20
  15 28
  16 12
  17 17
  18  9
  19 25
  20 14
  21 21
  22 22
  23 34
  24 35
  25 19
  26 26
  27 10
  28 15
  29 29
  30 43
  31 47
  32 38
  33 33
  34 23
  35 24
  36 36
  37 44
  38 32
  39 48
  40 40
  41 41
  42 45
  43 30
  44 37
  45 42
  46 46
  47 31
  48 39
 
atom type  1: atom  1 can be mapped into atom  2 via 3d inversion
           1           2           0


 Local symmetries:
 -----------------
   symmetry kinds =   2

   symmetry  1:  24 operations in local point group
        atoms:
             1
             2

   symmetry  2:  48 operations in local point group
        atoms:
             3


 Local symmetries:
 -----------------
   symmetry kinds =   2

   symmetry  1:  24 operations in local point group
        atoms:
             1
             2

   symmetry  2:  48 operations in local point group
        atoms:
             3

 --- Local symmetry  1:   8 lattice harmonics ------------------------------

     lattice harmonic   1:  l= 0,  1 members:
         0    1.00000000    0.00000000

     lattice harmonic   2:  l= 3,  2 members:
         2    0.00000000   -0.70710678        -2    0.00000000    0.70710678

     lattice harmonic   3:  l= 4,  3 members:
         0    0.76376262    0.00000000
         4    0.45643546    0.00000000        -4    0.45643546    0.00000000

     lattice harmonic   4:  l= 6,  3 members:
         0    0.35355339    0.00000000
         4   -0.66143783    0.00000000        -4   -0.66143783    0.00000000

     lattice harmonic   5:  l= 7,  4 members:
         2    0.00000000   -0.52041650        -2    0.00000000    0.52041650
         6    0.00000000   -0.47871355        -6    0.00000000    0.47871355

     lattice harmonic   6:  l= 8,  5 members:
         0    0.71807033    0.00000000
         4    0.27003086    0.00000000        -4    0.27003086    0.00000000
         8    0.41142537    0.00000000        -8    0.41142537    0.00000000

     lattice harmonic   7:  l= 9,  4 members:
         2    0.00000000   -0.30618622        -2    0.00000000    0.30618622
         6    0.00000000    0.63737744        -6    0.00000000   -0.63737744

     lattice harmonic   8:  l=10,  5 members:
         0    0.41142537    0.00000000
         4   -0.41457810    0.00000000        -4   -0.41457810    0.00000000
         8   -0.49344664    0.00000000        -8   -0.49344664    0.00000000

 --- Local symmetry  2:   4 lattice harmonics ------------------------------

     lattice harmonic   1:  l= 0,  1 members:
         0    1.00000000    0.00000000

     lattice harmonic   2:  l= 4,  3 members:
         0    0.76376262    0.00000000
         4    0.45643546    0.00000000        -4    0.45643546    0.00000000

     lattice harmonic   3:  l= 6,  3 members:
         0    0.35355339    0.00000000
         4   -0.66143783    0.00000000        -4   -0.66143783    0.00000000

     lattice harmonic   4:  l= 8,  5 members:
         0    0.71807033    0.00000000
         4    0.27003086    0.00000000        -4    0.27003086    0.00000000
         8    0.41142537    0.00000000        -8    0.41142537    0.00000000
 gmax= 12.900000
 n3d=      476
 n2d=        2
 k1d=       18
 k2d=       18
 k3d=       18


 gmax    =  12.90000(a.u.)**(-1) ==>  new gmax    =  12.85984(a.u.)**(-1) 
                                     ==>  new E_cut   =



   s t a r   l i s t

 gmax= 12.859838
 nq3=      476

 mx1,mx2,mx3= 18 18 18
 kimax2,kimax=      0  16528, (start from 0)

      no.     kv3         sk3       nstr

       1   0   0   0    0.000000     1
       2   1   1   1    0.888825     8
       3   1   1   0    1.026327     6
       4   2   1   1    1.451445    12
       5   2   2   1    1.701970    24
       6   2   2   2    1.777650     8
       7   2   2   0    2.052654     6
       8   3   2   2    2.236827    24
       9   3   2   1    2.294936    24
      10   3   3   2    2.513977    24
      40   6   5   5    4.813899    24
      70   8   6   4    6.071831    48
     100   8   8   8    7.110601     8
     130   9   8   2    7.866646    48
     160  10  10   5    8.509852    24
     190  12   9   6    9.107747    48
     220  13   9   7    9.668739    48
     250  13  10   5   10.160117    48
     280  12  11   3   10.516720    48
     310  15   9   7   10.994159    48
     340  13  13   5   11.370941    24
     370  14  14   9   11.735633    24
     400  15  13  12   12.056610    48
     430  17  10   9   12.401154    48
     460  15  15   8   12.694961    24
     476  17  11   6   12.859838    24
gmaxxc should be: 2*kmax <= gmaxxc <= gmax
gmaxxc =  12.900000
 gmax must be at least gmxxc_new
 increase gmax , or reduce gmaxxc
 gmxxc_new =    13.063  gmax =    12.860


          convergence parameters for the pseudocharge density expansion
          atom     parameter     max. l to include

            1          28              27
            2          17              16
 neq=            2   ncore=    20.0000000000000     
 neq=            1   ncore=    22.0000000000000     
zelec=   24.00000000


 parameters for external electric field:
   total electronic charge   =    46.00000
   total nuclear charge      =    46.00000



 superposition of atomic densities

 original atomic densities:

 subroutine atom2 entered
it,dist,p=   1     0.14868     0.20000
it,dist,p=   2     0.11011     0.20000
it,dist,p=   3     0.08721     0.20000
it,dist,p=   4     0.06955     0.20000
it,dist,p=   5     0.05493     0.20000
it,dist,p=   6     0.04514     0.20000
it,dist,p=   7     0.03633     0.20000
it,dist,p=   8     0.02911     0.20000
it,dist,p=   9     0.02335     0.20000
it,dist,p=  10     0.01863     0.20000
it,dist,p=  11     0.01485     0.20000
it,dist,p=  12     0.01183     0.20000
it,dist,p=  13     0.00941     0.20000
it,dist,p=  14     0.00749     0.20000
it,dist,p=  15     0.00596     0.20000
it,dist,p=  16     0.00474     0.20000
it,dist,p=  17     0.00378     0.20000
it,dist,p=  18     0.00300     0.20000
it,dist,p=  19     0.00239     0.20000
it,dist,p=  20     0.00190     0.20000
it,dist,p=  21     0.00152     0.20000
it,dist,p=  22     0.00126     0.20000
it,dist,p=  23     0.00101     0.20000
it,dist,p=  24     0.00080     0.20000


   converged in  25 iterations to a distance of 0.63981E-03 har

   n  kappa  l    j       occ.   eigenvalue (har)  <r>  

spin No. 1
   1   -1    0   0.5      2.00  -129.162643    0.081048
   2   -1    0   0.5      2.00   -12.723413    0.387446
   2    1    1   0.5      2.00   -10.101066    0.348813
   2   -2    1   1.5      4.00    -9.994760    0.351275
   3   -1    0   0.5      2.00    -1.027198    1.271355
   3    1    1   0.5      2.00    -0.428329    1.440864
   3   -2    1   1.5      4.00    -0.418638    1.450189
   4   -1    0   0.5      2.00     0.141791    4.284942

 reference energy =    -7.140675


 atom:  K

 subroutine atom2 entered
it,dist,p=   1     0.07138     0.20000
it,dist,p=   2     0.05647     0.20000
it,dist,p=   3     0.04517     0.20000
it,dist,p=   4     0.03628     0.20000
it,dist,p=   5     0.02916     0.20000
it,dist,p=   6     0.02346     0.20000
it,dist,p=   7     0.01888     0.20000
it,dist,p=   8     0.01519     0.20000
it,dist,p=   9     0.01222     0.20000
it,dist,p=  10     0.00982     0.20000
it,dist,p=  11     0.00790     0.20000
it,dist,p=  12     0.00635     0.20000
it,dist,p=  13     0.00511     0.20000
it,dist,p=  14     0.00411     0.20000
it,dist,p=  15     0.00330     0.20000
it,dist,p=  16     0.00265     0.20000
it,dist,p=  17     0.00213     0.20000
it,dist,p=  18     0.00171     0.20000
it,dist,p=  19     0.00138     0.20000
it,dist,p=  20     0.00111     0.20000
it,dist,p=  21     0.00089     0.20000


   converged in  22 iterations to a distance of 0.71301E-03 har

   n  kappa  l    j       occ.   eigenvalue (har)  <r>  

spin No. 1
   1   -1    0   0.5      2.00   -18.916953    0.199514
   2   -1    0   0.5      2.00    -0.880665    1.139709
   2    1    1   0.5      1.33    -0.333568    1.263041
   2   -2    1   1.5      2.67    -0.332223    1.265246

 reference energy =    -8.147602


 atom:  O


          total charge for spin  1=   48.000004
          interst. charge =       3.648246
          mt charge=             18.471112    7.409533

          total charge  =   48.000004

          zc=    46.000000     qfix=    0.958333

          total charge for spin  1=   46.000000
          interst. charge =       3.496236
          mt charge=             17.701481    7.100802

          total charge  =   46.000000

             iter=      1


          p o t e n t i a l   g e n e r a t o r


          multipole moments for atom type=    1

  l   m                   original                      plane wave
  0    0          -0.36631E+00    0.00000E+00         0.68168E+00    0.27909E-33
  1   -1           0.00000E+00    0.00000E+00         0.59767E-16    0.76053E-16
  1    0           0.00000E+00    0.00000E+00         0.34100E-16    0.64885E-18
  1    1           0.00000E+00    0.00000E+00        -0.56691E-16    0.66916E-16
  2   -2           0.00000E+00    0.00000E+00         0.13230E-15    0.43295E-16
  2   -1           0.00000E+00    0.00000E+00        -0.11750E-15   -0.93674E-16
  2    0           0.00000E+00    0.00000E+00         0.70246E-15    0.66226E-17
  2    1           0.00000E+00    0.00000E+00         0.71985E-16   -0.58170E-16
  2    2           0.00000E+00    0.00000E+00         0.12989E-15   -0.46786E-16
  3   -3           0.00000E+00    0.00000E+00        -0.13037E-15    0.31233E-16
  3   -2           0.00000E+00    0.00000E+00        -0.47559E-16   -0.11731E+00
  3   -1           0.00000E+00    0.00000E+00        -0.41109E-16   -0.87029E-16
  3    0           0.00000E+00    0.00000E+00         0.18213E-15    0.24834E-18
  3    1           0.00000E+00    0.00000E+00        -0.13777E-16   -0.11409E-15
  3    2           0.00000E+00    0.00000E+00        -0.57154E-16    0.11731E+00
  3    3           0.00000E+00    0.00000E+00         0.84531E-16    0.77549E-16
  4   -4           0.00000E+00    0.00000E+00        -0.71021E-01    0.16828E-15
  4   -3           0.00000E+00    0.00000E+00         0.74220E-15   -0.42554E-15
  4   -2           0.00000E+00    0.00000E+00         0.81069E-15   -0.79828E-16
  4   -1           0.00000E+00    0.00000E+00        -0.11557E-15    0.16519E-15
  4    0           0.00000E+00    0.00000E+00        -0.11884E+00    0.92462E-18
  4    1           0.00000E+00    0.00000E+00         0.11177E-15   -0.45253E-15
  4    2           0.00000E+00    0.00000E+00         0.83165E-15    0.76499E-16
  4    3           0.00000E+00    0.00000E+00        -0.25601E-15   -0.60144E-15
  4    4           0.00000E+00    0.00000E+00        -0.71021E-01   -0.15835E-15
  5   -5           0.00000E+00    0.00000E+00         0.21681E-15   -0.82127E-16
  5   -4           0.00000E+00    0.00000E+00        -0.18253E-15   -0.41548E-15
  5   -3           0.00000E+00    0.00000E+00         0.29617E-15    0.33990E-15
  5   -2           0.00000E+00    0.00000E+00        -0.18383E-15    0.31986E-15
  5   -1           0.00000E+00    0.00000E+00        -0.71197E-15   -0.72371E-15
  5    0           0.00000E+00    0.00000E+00        -0.35263E-15    0.26242E-16
  5    1           0.00000E+00    0.00000E+00         0.63426E-15   -0.75589E-15
  5    2           0.00000E+00    0.00000E+00        -0.88309E-16   -0.13462E-14
  5    3           0.00000E+00    0.00000E+00        -0.29018E-15    0.43476E-16
  5    4           0.00000E+00    0.00000E+00         0.29270E-15    0.28454E-15
  5    5           0.00000E+00    0.00000E+00         0.99922E-16   -0.15562E-15
  6   -6           0.00000E+00    0.00000E+00         0.21106E-15    0.13680E-14
  6   -5           0.00000E+00    0.00000E+00        -0.29898E-15   -0.36369E-14
  6   -4           0.00000E+00    0.00000E+00        -0.50468E+00   -0.13441E-14
  6   -3           0.00000E+00    0.00000E+00        -0.22819E-14    0.16975E-14
  6   -2           0.00000E+00    0.00000E+00         0.80313E-15    0.19223E-14
  6   -1           0.00000E+00    0.00000E+00         0.61451E-15    0.14499E-14
  6    0           0.00000E+00    0.00000E+00         0.26976E+00    0.15290E-16
  6    1           0.00000E+00    0.00000E+00        -0.27129E-17    0.19151E-14
  6    2           0.00000E+00    0.00000E+00         0.10922E-14   -0.13609E-14
  6    3           0.00000E+00    0.00000E+00         0.25157E-14    0.12677E-14
  6    4           0.00000E+00    0.00000E+00        -0.50468E+00    0.14117E-14
  6    5           0.00000E+00    0.00000E+00         0.49406E-15   -0.38252E-14
  6    6           0.00000E+00    0.00000E+00         0.29505E-15   -0.13204E-14
  7   -7           0.00000E+00    0.00000E+00         0.75807E-15    0.11064E-14
  7   -6           0.00000E+00    0.00000E+00        -0.29571E-14    0.66066E+00
  7   -5           0.00000E+00    0.00000E+00         0.31511E-14    0.52777E-14
  7   -4           0.00000E+00    0.00000E+00         0.22161E-14   -0.16421E-14
  7   -3           0.00000E+00    0.00000E+00         0.15098E-14    0.17637E-14
  7   -2           0.00000E+00    0.00000E+00         0.14245E-15    0.71821E+00
  7   -1           0.00000E+00    0.00000E+00        -0.10827E-14    0.13657E-15
  7    0           0.00000E+00    0.00000E+00        -0.38374E-14    0.25630E-16
  7    1           0.00000E+00    0.00000E+00         0.80222E-15   -0.10689E-14
  7    2           0.00000E+00    0.00000E+00         0.29814E-15   -0.71821E+00
  7    3           0.00000E+00    0.00000E+00        -0.13853E-14    0.73305E-15
  7    4           0.00000E+00    0.00000E+00         0.27906E-14    0.18160E-14
  7    5           0.00000E+00    0.00000E+00        -0.19035E-14    0.50585E-14
  7    6           0.00000E+00    0.00000E+00        -0.29259E-14   -0.66066E+00
  7    7           0.00000E+00    0.00000E+00        -0.17422E-14    0.74527E-15
  8   -8           0.00000E+00    0.00000E+00         0.60144E+00    0.13067E-14
  8   -7           0.00000E+00    0.00000E+00         0.36992E-14   -0.16148E-14
  8   -6           0.00000E+00    0.00000E+00         0.56352E-15   -0.11972E-14
  8   -5           0.00000E+00    0.00000E+00         0.78278E-14    0.38190E-14
  8   -4           0.00000E+00    0.00000E+00         0.39474E+00   -0.69818E-14
  8   -3           0.00000E+00    0.00000E+00         0.60942E-14   -0.54217E-14
  8   -2           0.00000E+00    0.00000E+00         0.17590E-13   -0.61956E-14
  8   -1           0.00000E+00    0.00000E+00         0.44129E-14    0.81922E-15
  8    0           0.00000E+00    0.00000E+00         0.10497E+01   -0.14412E-15
  8    1           0.00000E+00    0.00000E+00        -0.39702E-14    0.57489E-15
  8    2           0.00000E+00    0.00000E+00         0.18159E-13    0.52270E-14
  8    3           0.00000E+00    0.00000E+00        -0.54529E-14   -0.41175E-14
  8    4           0.00000E+00    0.00000E+00         0.39474E+00    0.68257E-14
  8    5           0.00000E+00    0.00000E+00        -0.67365E-14    0.39623E-14
  8    6           0.00000E+00    0.00000E+00         0.43766E-15    0.27806E-14
  8    7           0.00000E+00    0.00000E+00        -0.31843E-14   -0.28227E-14
  8    8           0.00000E+00    0.00000E+00         0.60144E+00   -0.98923E-15
  9   -9           0.00000E+00    0.00000E+00         0.23095E-14   -0.86456E-14
  9   -8           0.00000E+00    0.00000E+00         0.18117E-14    0.14666E-14
  9   -7           0.00000E+00    0.00000E+00         0.48262E-14    0.13510E-15
  9   -6           0.00000E+00    0.00000E+00        -0.97444E-14    0.19463E+01
  9   -5           0.00000E+00    0.00000E+00        -0.54046E-14   -0.92858E-14
  9   -4           0.00000E+00    0.00000E+00        -0.39700E-14   -0.33105E-14
  9   -3           0.00000E+00    0.00000E+00        -0.24604E-14    0.75145E-14
  9   -2           0.00000E+00    0.00000E+00         0.19427E-14   -0.93499E+00
  9   -1           0.00000E+00    0.00000E+00        -0.13062E-14   -0.35305E-14
  9    0           0.00000E+00    0.00000E+00        -0.11286E-13   -0.37159E-16
  9    1           0.00000E+00    0.00000E+00        -0.10871E-14   -0.48363E-16
  9    2           0.00000E+00    0.00000E+00         0.19770E-14    0.93499E+00
  9    3           0.00000E+00    0.00000E+00         0.21991E-14    0.75774E-14
  9    4           0.00000E+00    0.00000E+00         0.39009E-15    0.27536E-14
  9    5           0.00000E+00    0.00000E+00         0.51151E-14   -0.92175E-14
  9    6           0.00000E+00    0.00000E+00        -0.10082E-13   -0.19463E+01
  9    7           0.00000E+00    0.00000E+00        -0.50012E-14    0.76962E-15
  9    8           0.00000E+00    0.00000E+00         0.13025E-14   -0.17842E-14
  9    9           0.00000E+00    0.00000E+00        -0.28811E-14   -0.75399E-14
 10  -10           0.00000E+00    0.00000E+00        -0.45254E-14   -0.39516E-14
 10   -9           0.00000E+00    0.00000E+00        -0.50822E-14   -0.31653E-14
 10   -8           0.00000E+00    0.00000E+00         0.26751E+01   -0.64793E-14
 10   -7           0.00000E+00    0.00000E+00        -0.11851E-13    0.66581E-15
 10   -6           0.00000E+00    0.00000E+00        -0.10788E-13   -0.17056E-13
 10   -5           0.00000E+00    0.00000E+00        -0.14816E-13   -0.13494E-13
 10   -4           0.00000E+00    0.00000E+00         0.22476E+01   -0.90136E-14
 10   -3           0.00000E+00    0.00000E+00         0.23919E-14    0.25402E-14
 10   -2           0.00000E+00    0.00000E+00        -0.21936E-13    0.96373E-14
 10   -1           0.00000E+00    0.00000E+00         0.14578E-13    0.12211E-14
 10    0           0.00000E+00    0.00000E+00        -0.22305E+01   -0.54276E-16
 10    1           0.00000E+00    0.00000E+00        -0.16696E-13   -0.36682E-15
 10    2           0.00000E+00    0.00000E+00        -0.21524E-13   -0.95426E-14
 10    3           0.00000E+00    0.00000E+00        -0.25022E-14    0.24352E-14
 10    4           0.00000E+00    0.00000E+00         0.22476E+01    0.85367E-14
 10    5           0.00000E+00    0.00000E+00         0.14036E-13   -0.13056E-13
 10    6           0.00000E+00    0.00000E+00        -0.10261E-13    0.14773E-13
 10    7           0.00000E+00    0.00000E+00         0.14279E-13    0.14620E-14
 10    8           0.00000E+00    0.00000E+00         0.26751E+01    0.69050E-14
 10    9           0.00000E+00    0.00000E+00         0.65262E-14   -0.25694E-14
 10   10           0.00000E+00    0.00000E+00        -0.43632E-14    0.33341E-14

          multipole moments for atom type=    2

  l   m                   original                      plane wave
  0    0          -0.25366E+00    0.00000E+00         0.91788E+00   -0.75150E-40
  1   -1           0.00000E+00    0.00000E+00         0.20391E-17   -0.45527E-17
  1    0           0.00000E+00    0.00000E+00        -0.74492E-57   -0.15552E-17
  1    1           0.00000E+00    0.00000E+00         0.20391E-17    0.45527E-17
  2   -2           0.00000E+00    0.00000E+00         0.61169E-16   -0.22571E-16
  2   -1           0.00000E+00    0.00000E+00        -0.21683E-16   -0.13694E-19
  2    0           0.00000E+00    0.00000E+00        -0.73385E-16   -0.39355E-55
  2    1           0.00000E+00    0.00000E+00         0.21683E-16   -0.13694E-19
  2    2           0.00000E+00    0.00000E+00         0.61169E-16    0.22571E-16
  3   -3           0.00000E+00    0.00000E+00        -0.23513E-18   -0.17003E-17
  3   -2           0.00000E+00    0.00000E+00         0.92199E-18   -0.12113E-17
  3   -1           0.00000E+00    0.00000E+00         0.11561E-17   -0.11576E-17
  3    0           0.00000E+00    0.00000E+00         0.11850E-55    0.52356E-18
  3    1           0.00000E+00    0.00000E+00         0.11561E-17    0.11576E-17
  3    2           0.00000E+00    0.00000E+00        -0.92199E-18   -0.12113E-17
  3    3           0.00000E+00    0.00000E+00        -0.23513E-18    0.17003E-17
  4   -4           0.00000E+00    0.00000E+00         0.21657E-03    0.26514E-16
  4   -3           0.00000E+00    0.00000E+00         0.93516E-17    0.27318E-17
  4   -2           0.00000E+00    0.00000E+00        -0.51335E-17   -0.33027E-16
  4   -1           0.00000E+00    0.00000E+00        -0.60047E-18   -0.10979E-16
  4    0           0.00000E+00    0.00000E+00         0.36239E-03   -0.32362E-38
  4    1           0.00000E+00    0.00000E+00         0.60047E-18   -0.10979E-16
  4    2           0.00000E+00    0.00000E+00        -0.51335E-17    0.33027E-16
  4    3           0.00000E+00    0.00000E+00        -0.93516E-17    0.27318E-17
  4    4           0.00000E+00    0.00000E+00         0.21657E-03   -0.26514E-16
  5   -5           0.00000E+00    0.00000E+00        -0.10034E-16    0.73016E-18
  5   -4           0.00000E+00    0.00000E+00        -0.83839E-19    0.24251E-17
  5   -3           0.00000E+00    0.00000E+00         0.52199E-17    0.26012E-17
  5   -2           0.00000E+00    0.00000E+00         0.43227E-18   -0.11845E-18
  5   -1           0.00000E+00    0.00000E+00        -0.15672E-17    0.14942E-17
  5    0           0.00000E+00    0.00000E+00         0.33758E-69    0.88047E-18
  5    1           0.00000E+00    0.00000E+00        -0.15672E-17   -0.14942E-17
  5    2           0.00000E+00    0.00000E+00        -0.43227E-18   -0.11845E-18
  5    3           0.00000E+00    0.00000E+00         0.52199E-17   -0.26012E-17
  5    4           0.00000E+00    0.00000E+00         0.83839E-19    0.24251E-17
  5    5           0.00000E+00    0.00000E+00        -0.10034E-16   -0.73016E-18
  6   -6           0.00000E+00    0.00000E+00        -0.12027E-16    0.89919E-17
  6   -5           0.00000E+00    0.00000E+00        -0.77710E-17   -0.99352E-17
  6   -4           0.00000E+00    0.00000E+00        -0.19827E-02   -0.13294E-16
  6   -3           0.00000E+00    0.00000E+00        -0.19899E-16    0.15379E-16
  6   -2           0.00000E+00    0.00000E+00        -0.25731E-17    0.76172E-17
  6   -1           0.00000E+00    0.00000E+00         0.47306E-16    0.29914E-16
  6    0           0.00000E+00    0.00000E+00         0.10598E-02    0.39884E-39
  6    1           0.00000E+00    0.00000E+00        -0.47306E-16    0.29914E-16
  6    2           0.00000E+00    0.00000E+00        -0.25731E-17   -0.76172E-17
  6    3           0.00000E+00    0.00000E+00         0.19899E-16    0.15379E-16
  6    4           0.00000E+00    0.00000E+00        -0.19827E-02    0.13294E-16
  6    5           0.00000E+00    0.00000E+00         0.77710E-17   -0.99352E-17
  6    6           0.00000E+00    0.00000E+00        -0.12027E-16   -0.89919E-17
  7   -7           0.00000E+00    0.00000E+00         0.17987E-17   -0.26131E-17
  7   -6           0.00000E+00    0.00000E+00         0.33933E-18   -0.24522E-18
  7   -5           0.00000E+00    0.00000E+00        -0.34786E-18    0.29089E-17
  7   -4           0.00000E+00    0.00000E+00        -0.17211E-18   -0.19914E-18
  7   -3           0.00000E+00    0.00000E+00         0.26382E-18    0.80162E-18
  7   -2           0.00000E+00    0.00000E+00        -0.43890E-18    0.20314E-18
  7   -1           0.00000E+00    0.00000E+00         0.16538E-17   -0.24108E-17
  7    0           0.00000E+00    0.00000E+00         0.12581E-55   -0.80120E-19
  7    1           0.00000E+00    0.00000E+00         0.16538E-17    0.24108E-17
  7    2           0.00000E+00    0.00000E+00         0.43890E-18    0.20314E-18
  7    3           0.00000E+00    0.00000E+00         0.26382E-18   -0.80162E-18
  7    4           0.00000E+00    0.00000E+00         0.17211E-18   -0.19914E-18
  7    5           0.00000E+00    0.00000E+00        -0.34786E-18   -0.29089E-17
  7    6           0.00000E+00    0.00000E+00        -0.33933E-18   -0.24522E-18
  7    7           0.00000E+00    0.00000E+00         0.17987E-17    0.26131E-17
  8   -8           0.00000E+00    0.00000E+00         0.13711E-03    0.19593E-16
  8   -7           0.00000E+00    0.00000E+00         0.65507E-18    0.49691E-17
  8   -6           0.00000E+00    0.00000E+00        -0.18314E-17   -0.21531E-16
  8   -5           0.00000E+00    0.00000E+00        -0.23904E-17    0.13110E-16
  8   -4           0.00000E+00    0.00000E+00         0.89991E-04    0.50391E-17
  8   -3           0.00000E+00    0.00000E+00        -0.16754E-16    0.65372E-17
  8   -2           0.00000E+00    0.00000E+00        -0.36890E-17    0.97031E-17
  8   -1           0.00000E+00    0.00000E+00        -0.19750E-16    0.19799E-17
  8    0           0.00000E+00    0.00000E+00         0.23931E-03   -0.63507E-38
  8    1           0.00000E+00    0.00000E+00         0.19750E-16    0.19799E-17
  8    2           0.00000E+00    0.00000E+00        -0.36890E-17   -0.97031E-17
  8    3           0.00000E+00    0.00000E+00         0.16754E-16    0.65372E-17
  8    4           0.00000E+00    0.00000E+00         0.89991E-04   -0.50391E-17
  8    5           0.00000E+00    0.00000E+00         0.23904E-17    0.13110E-16
  8    6           0.00000E+00    0.00000E+00        -0.18314E-17    0.21531E-16
  8    7           0.00000E+00    0.00000E+00        -0.65507E-18    0.49691E-17
  8    8           0.00000E+00    0.00000E+00         0.13711E-03   -0.19593E-16

          integral of pseudo charge density inside the slab=       -0.000000   0.000000

     coulomb potential in the interstitial region:

          density-coulomb potential integrals


          interstitial :                   7.6615674929E-01

          muffin tin spheres :            -1.8765440741E+03

          total density-coulomb potenti    -1875.7779173226

          density-effective potential integrals for spin  1


          interstitial :                  -2.1936338873E-01

          muffin tin spheres :            -1.9685061253E+03

          total density-effective poten   -1.9687254887E+03

          charge density-energy density integrals


          interstitial :                  -7.8924795488E-01

          muffin tin spheres :            -7.1123822187E+01

          total charge density-energy d   -7.1913070141E+01
 
 Updated energy parameters for spin:           1
  Atom    1 4s branch from -1.30 to  1.61 htr. ; e_l =  0.1743
  Atom    1 4p branch from -0.63 to  1.99 htr. ; e_l =  0.2776
  Atom    1 3d branch from -9.99 to  0.42 htr. ; e_l =  0.2214
  Atom    1 4f branch from -9.99 to  2.20 htr. ; e_l =  0.5400
  Atom    1 3s branch from-13.71 to -1.27 htr. ; e_l(l -1.3083
  Atom    1 3p branch from-11.10 to -0.60 htr. ; e_l(l -0.6685
  Atom    2 2s branch from-19.08 to -0.40 htr. ; e_l = -0.7287
  Atom    2 2p branch from -9.99 to  0.16 htr. ; e_l = -0.1870
  Atom    2 3d branch from -9.99 to  3.29 htr. ; e_l =  0.3741
  Atom    2 4f branch from -9.99 to  5.88 htr. ; e_l =  0.5364

              basis set size:
      jsp    ikpt     nv      LOs  overall
       1       1     607       8     615
       1       2     617       8     625
       1       3     617       8     625
       1       4     620       8     628
       1       5     624       8     632
       1       6     612       8     620
       1       7     613       8     621
       1       8     615       8     623
       1       9     619       8     627
       1      10     621       8     629
       1      11     622       8     630
       1      12     610       8     618
       1      13     610       8     618
       1      14     620       8     628
       1      15     622       8     630
       1      16     614       8     622
       1      17     619       8     627
       1      18     618       8     626
       1      19     610       8     618
       1      20     610       8     618
       1      21     615       8     623
       1      22     620       8     628
       1      23     608       8     616
       1      24     608       8     616
       1      25     619       8     627
       1      26     611       8     619
       1      27     612       8     620
       1      28     604       8     612


 fermi energy and band-weighting factors:
at   0.41667   0.41667   0.41667   k-weight:    0.009259
   19 eigenvalues :
   -1.309290   -1.307638   -0.728955   -0.670254   -0.670254   -0.670118   -0.667049   -0.667049
   -0.663085   -0.181445   -0.179515   -0.179515    0.152082    0.197582    0.197582    0.200078
    0.222470    0.222470    0.243937
at   0.25000   0.41667   0.41667   k-weight:    0.027778
   19 eigenvalues :
   -1.309678   -1.307223   -0.729255   -0.674101   -0.673970   -0.668376   -0.665312   -0.663272
   -0.662334   -0.181882   -0.179561   -0.179134    0.146932    0.178296    0.184432    0.212406
    0.217877    0.224025    0.230896
at   0.08333   0.41667   0.41667   k-weight:    0.027778
   19 eigenvalues :
   -1.309709   -1.307116   -0.730491   -0.676604   -0.676560   -0.669595   -0.661392   -0.660997
   -0.660983   -0.183386   -0.178438   -0.178367    0.146965    0.167783    0.178515    0.198830
    0.229665    0.234471    0.236566
at   0.08333   0.50000   0.50000   k-weight:    0.027778
   19 eigenvalues :
   -1.309407   -1.307369   -0.731462   -0.677028   -0.676899   -0.670468   -0.660813   -0.660773
   -0.659339   -0.183599   -0.178066   -0.177991    0.145427    0.176431    0.181351    0.186384
    0.236337    0.244609    0.248386
at   0.25000   0.58333   0.58333   k-weight:    0.027778
   19 eigenvalues :
   -1.308874   -1.307929   -0.731212   -0.676334   -0.674987   -0.669159   -0.662903   -0.662615
   -0.659730   -0.182141   -0.179017   -0.178376    0.151294    0.183991    0.189993    0.192278
    0.219851    0.234692    0.253349
at   0.41667   0.41667   0.58333   k-weight:    0.027778
   19 eigenvalues :
   -1.308642   -1.308237   -0.729949   -0.674107   -0.671364   -0.668222   -0.666054   -0.664967
   -0.662265   -0.181059   -0.179772   -0.179136    0.155151    0.190005    0.204919    0.207184
    0.221089    0.221922    0.240519
at   0.25000   0.25000   0.41667   k-weight:    0.027778
   19 eigenvalues :
   -1.310045   -1.306889   -0.728496   -0.675362   -0.670032   -0.669425   -0.667788   -0.664134
   -0.661171   -0.181361   -0.179861   -0.179796    0.137994    0.174740    0.190926    0.197535
    0.216426    0.221117    0.244150
at   0.16667   0.33333   0.41667   k-weight:    0.055556
   19 eigenvalues :
   -1.309952   -1.306947   -0.729131   -0.675964   -0.673912   -0.668264   -0.665150   -0.662920
   -0.661127   -0.182295   -0.179370   -0.179117    0.142623    0.170614    0.180153    0.213183
    0.218062    0.221835    0.229268
at   0.16667   0.41667   0.50000   k-weight:    0.055556
   19 eigenvalues :
   -1.309438   -1.307392   -0.730547   -0.676853   -0.674521   -0.669488   -0.662944   -0.661603
   -0.660794   -0.182626   -0.178951   -0.178422    0.149706    0.173408    0.185488    0.197301
    0.223576    0.235969    0.239730
at   0.25000   0.50000   0.66667   k-weight:    0.055556
   19 eigenvalues :
   -1.308672   -1.308126   -0.731341   -0.677992   -0.671413   -0.669465   -0.666631   -0.660266
   -0.659867   -0.181430   -0.179944   -0.178045    0.153399    0.181179    0.183228    0.206876
    0.215080    0.237682    0.250130
at   0.25000   0.41667   0.58333   k-weight:    0.055556
   19 eigenvalues :
   -1.308966   -1.307867   -0.730691   -0.677001   -0.671097   -0.669803   -0.665889   -0.661967
   -0.660457   -0.181383   -0.179887   -0.178476    0.152925    0.178663    0.195100    0.200487
    0.221001    0.236116    0.239169
at   0.33333   0.33333   0.41667   k-weight:    0.027778
   19 eigenvalues :
   -1.309770   -1.307164   -0.728639   -0.673478   -0.670094   -0.669732   -0.667515   -0.664791
   -0.662314   -0.181427   -0.179727   -0.179650    0.143954    0.183093    0.193399    0.199117
    0.218851    0.220137    0.243814
at   0.33333   0.41667   0.50000   k-weight:    0.055556
   19 eigenvalues :
   -1.309200   -1.307697   -0.729530   -0.674072   -0.670849   -0.669066   -0.666047   -0.664818
   -0.662428   -0.181316   -0.179715   -0.179218    0.152279    0.185656    0.197883    0.209506
    0.220271    0.225932    0.233731
at   0.33333   0.41667   0.66667   k-weight:    0.055556
   19 eigenvalues :
   -1.308414   -1.308409   -0.730933   -0.676723   -0.672350   -0.668162   -0.666353   -0.662384
   -0.660068   -0.181087   -0.179991   -0.178488    0.153551    0.182147    0.192876    0.208779
    0.215935    0.229238    0.247973
at   0.16667   0.50000   0.58333   k-weight:    0.055556
   19 eigenvalues :
   -1.309140   -1.307647   -0.731402   -0.677515   -0.674881   -0.669977   -0.662972   -0.660598
   -0.659534   -0.182783   -0.178727   -0.178032    0.149031    0.179329    0.185119    0.190522
    0.221886    0.244456    0.249245
at   0.41667   0.50000   0.50000   k-weight:    0.027778
   19 eigenvalues :
   -1.308729   -1.308179   -0.729438   -0.671438   -0.670851   -0.668841   -0.666515   -0.666321
   -0.663498   -0.181341   -0.179537   -0.179302    0.156588    0.199997    0.202424    0.205136
    0.222365    0.223924    0.237789
at   0.33333   0.50000   0.58333   k-weight:    0.055556
   19 eigenvalues :
   -1.308701   -1.308152   -0.730396   -0.675512   -0.671931   -0.668877   -0.665681   -0.662460
   -0.662082   -0.181198   -0.179847   -0.178756    0.154587    0.189265    0.193160    0.202798
    0.221450    0.229580    0.242707
at   0.33333   0.33333   0.58333   k-weight:    0.027778
   19 eigenvalues :
   -1.308907   -1.307951   -0.730286   -0.675743   -0.671659   -0.667122   -0.665902   -0.665788
   -0.660407   -0.180648   -0.180173   -0.179051    0.152154    0.180229    0.211237    0.211713
    0.216358    0.217827    0.238636
at   0.25000   0.25000   0.25000   k-weight:    0.009259
   19 eigenvalues :
   -1.310754   -1.306238   -0.726922   -0.672950   -0.672878   -0.672878   -0.664171   -0.664171
   -0.661895   -0.181483   -0.180259   -0.180259    0.120319    0.174679    0.174679    0.191529
    0.206472    0.206472    0.274024
at   0.08333   0.25000   0.25000   k-weight:    0.027778
   19 eigenvalues :
   -1.310819   -1.306157   -0.727116   -0.675284   -0.675242   -0.668939   -0.665768   -0.661837
   -0.661617   -0.182271   -0.179914   -0.179849    0.120096    0.168663    0.169482    0.194992
    0.209172    0.209276    0.254175
at   0.08333   0.33333   0.33333   k-weight:    0.027778
   19 eigenvalues :
   -1.310227   -1.306674   -0.728876   -0.675969   -0.675934   -0.667927   -0.664913   -0.661387
   -0.661279   -0.182928   -0.179111   -0.179045    0.138474    0.164901    0.173812    0.211692
    0.219679    0.221467    0.224652
at   0.25000   0.50000   0.50000   k-weight:    0.027778
   19 eigenvalues :
   -1.309170   -1.307672   -0.730472   -0.675320   -0.674663   -0.669077   -0.662856   -0.662674
   -0.661784   -0.182058   -0.179203   -0.178642    0.152070    0.182415    0.189288    0.195736
    0.222798    0.232462    0.242620
at   0.16667   0.16667   0.25000   k-weight:    0.027778
   19 eigenvalues :
   -1.311038   -1.305970   -0.726363   -0.674873   -0.672849   -0.672548   -0.664413   -0.662797
   -0.661759   -0.181500   -0.180575   -0.180298    0.112292    0.168007    0.172144    0.190756
    0.202427    0.204845    0.274736
at   0.16667   0.25000   0.33333   k-weight:    0.055556
   19 eigenvalues :
   -1.310537   -1.306426   -0.727600   -0.675278   -0.673256   -0.669219   -0.666292   -0.662920
   -0.661483   -0.181837   -0.179999   -0.179814    0.127033    0.171503    0.177111    0.195825
    0.210328    0.213625    0.252377
at   0.25000   0.33333   0.50000   k-weight:    0.055556
   19 eigenvalues :
   -1.309470   -1.307416   -0.729627   -0.675848   -0.670405   -0.669454   -0.665647   -0.664945
   -0.660795   -0.181298   -0.179829   -0.179201    0.148115    0.176581    0.195478    0.213454
    0.217567    0.225754    0.233146
at   0.25000   0.33333   0.33333   k-weight:    0.027778
   19 eigenvalues :
   -1.310258   -1.306698   -0.727956   -0.673447   -0.673186   -0.669484   -0.666365   -0.663753
   -0.662068   -0.181633   -0.179976   -0.179721    0.133736    0.179128    0.180108    0.197169
    0.213721    0.214133    0.250960
at   0.08333   0.08333   0.08333   k-weight:    0.009259
   19 eigenvalues :
   -1.311615   -1.305441   -0.724897   -0.674400   -0.674343   -0.674343   -0.662453   -0.662453
   -0.662100   -0.181196   -0.181004   -0.181004    0.094390    0.162037    0.162037    0.193182
    0.195429    0.195429    0.284697
at   0.08333   0.16667   0.16667   k-weight:    0.027778
   19 eigenvalues :
   -1.311325   -1.305705   -0.725685   -0.674689   -0.674688   -0.672384   -0.663723   -0.662227
   -0.661911   -0.181582   -0.180625   -0.180567    0.103708    0.164413    0.167170    0.190984
    0.199953    0.200208    0.279991

FERMIE:
          first approx. to ef    (T=0)  : -0.177991 htr   (energy of the highest occ. eigenvalue)
          number of occ. states  (T=0)  :       336
          first approx. to seigv (T=0)  :-15.787811 htr
          sum of weights of occ. states : 12.000000
          sum of semicore eigenvalues   :  0.000000 htr
          sum of semicore charge        :  0.000000 e



FERHIS:  Fermi-Energy by histogram:

          bandgap                     :   0.272381 htr
          charge neutrality (T=0)     :   0.000000    (zero if the highest occ. eigenvalue is "entirely" occupied)

          no eigenvalues within 8 tkb of ef reverts to the t=0 k method.
          number of occ. states       :       336
          sum of the valence weights  :  12.000000
          entropy         :   0.000000 *kb htr/K =   0.00000 htr/K

          sum of val. single particle energies:       -15.7878106288 htr



          valence density: spin= 1


 wavefunction parameters for atom type  1:
                               radial function                                energy derivative
  l    energy            value        derivative    nodes          value        derivative    nodes       norm        wronskian
  0   0.17432       -4.2422205E-01   7.4906351E-03    3        1.9439366E-01   5.9791315E-01    3   1.1826932E-01   2.5510407E-01
  1   0.27758        4.4386619E-01   1.1968719E-01    2       -9.0921083E-02  -5.9927247E-01    2   2.8757006E-01   2.5511470E-01
  2   0.22137        1.8142890E-01  -1.1726443E-01    0       -9.0546321E-01  -8.2094318E-01    1   2.6454260E+00   2.5512145E-01
  3   0.53995        5.1445605E-01   2.4321433E-01    0       -1.7454075E-01  -5.7840083E-01    1   6.7096437E-02   2.5511100E-01
  4   0.53995        6.3203978E-01   6.3912578E-01    0       -1.0395132E-01  -5.0874153E-01    1   1.8436728E-02   2.5510691E-01
  5   0.53995        7.1554913E-01   1.0424368E+00    0       -7.4901838E-02  -4.6563236E-01    1   8.0363387E-03   2.5510240E-01
  6   0.53995        7.8515242E-01   1.4675918E+00    0       -5.8279214E-02  -4.3383578E-01    1   4.2348899E-03   2.5509712E-01
  7   0.53995        8.4666520E-01   1.9174754E+00    0       -4.7378703E-02  -4.0858956E-01    1   2.4892166E-03   2.5509107E-01
  8   0.53995        9.0267202E-01   2.3924408E+00    0       -3.9659241E-02  -3.8770062E-01    1   1.5742700E-03   2.5508412E-01
  9   0.53995        9.5458641E-01   2.8920672E+00    0       -3.3909674E-02  -3.6994585E-01    1   1.0502873E-03   2.5507622E-01
 10   0.53995        1.0032840E+00   3.4156777E+00    0       -2.9469630E-02  -3.5456187E-01    1   7.3017378E-04   2.5506749E-01


 wavefunction parameters for atom type  2:
                               radial function                                energy derivative
  l    energy            value        derivative    nodes          value        derivative    nodes       norm        wronskian
  0  -0.72871       -2.5228787E-01   4.0039652E-01    1        7.6179050E-01   1.0579661E+00    1   5.1105031E-01   5.7193028E-01
  1  -0.18703        2.9030438E-01  -3.4824306E-01    0       -8.0011607E-01  -1.0104501E+00    1   6.2652935E-01   5.7197297E-01
  2   0.37406        8.6977929E-01   4.4535992E-01    0       -1.7545586E-01  -7.4742724E-01    1   2.2158156E-02   5.7195572E-01
  3   0.53637        1.0681701E+00   1.2532211E+00    0       -1.0469439E-01  -6.5827716E-01    1   6.1764030E-03   5.7194677E-01
  4   0.53637        1.2264442E+00   2.2267380E+00    0       -7.3249196E-02  -5.9932242E-01    1   2.5202563E-03   5.7192872E-01
  5   0.53637        1.3578111E+00   3.2762818E+00    0       -5.5821400E-02  -5.5588976E-01    1   1.2648792E-03   5.7190664E-01
  6   0.53637        1.4737389E+00   4.4053555E+00    0       -4.4658795E-02  -5.2154298E-01    1   7.1541547E-04   5.7188032E-01
  7   0.53637        1.5791839E+00   5.6121542E+00    0       -3.6901847E-02  -4.9326020E-01    1   4.3844781E-04   5.7184969E-01
  8   0.53637        1.6768283E+00   6.8936633E+00    0       -3.1215000E-02  -4.6933878E-01    1   2.8492603E-04   5.7181483E-01

     l-like charge
     atom     s        p        d        f        total
 -->  1    2.00784  5.93017  0.03628  0.00715    7.98462
 -->  2    1.82672  4.98175  0.00060  0.00014    6.80925

          total charge for spin  1=   24.000000
          interst. charge =       1.221518
          mt charge=              7.984617    6.809248

          total charge  =   24.000000


          z= 19.     r(1)=  0.169986E-04     dx= 0.013000     m.t.index= 925
               n    l     j    energy       weight
               1.   0.   0.5 -131.1600      2.0000
               2.   0.   0.5  -13.6921      2.0000
               2.   1.   0.5  -11.1554      2.0000
               2.   1.   1.5  -11.0438      4.0000
          atom type    1  (spin 1) 
          kinetic energy=  0.580151560906E+03     sum of the eigenvalues= -0.356190118127E+03
          0.00000000  electrons lost from core.


          z=  8.     r(1)=  0.511851E-04     dx= 0.017000     m.t.index= 619
               n    l     j    energy       weight
               1.   0.   0.5  -19.0692      2.0000
          atom type    2  (spin 1) 
          kinetic energy=  0.587041476116E+02     sum of the eigenvalues= -0.381383901249E+02
          0.00000000  electrons lost from core.

          total charge for spin  1=   44.505799
          interst. charge =       1.078746
          mt charge=             18.097441    7.232170

          total charge  =   44.505799

          zc=    46.000000     qfix=    1.033573

          total charge for spin  1=   46.000000
          interst. charge =       1.114963
          mt charge=             18.705030    7.474977

          total charge  =   46.000000



     t o t a l  e n e r g y

          sum of eigenvalues =              -766.3064370080

          density-coulomb potential int    -1875.7779173226

          density-effective potential i    -1968.7254886651

          charge density-ex.-corr.energ      -71.9130701414
 
 FORCES: EQUATION A3 FOR ATOM TYPE   1
 FX_A3=  0.000000  0.000000 FY_A3=  0.000000  0.000000 FZ_A3=  0.000000  0.000000
 FORCES: EQUATION A3 FOR ATOM TYPE   2
 FX_A3=  0.000000  0.000000 FY_A3=  0.000000  0.000000 FZ_A3=  0.000000  0.000000

          el.-nucl. inter. diff. m.t.       1374.3993881433

          Madelung term for atom type:       -11.7955410463

          el.-nucl. inter. diff. m.t.         84.7688574318

          Madelung term for atom type:        -2.4763311301


 ---->    total energy=                    -1280.8230948970 htr


 ---->    (input%tkb*entropy) TS=              0.0000000000 htr


 ---->    free energy=                     -1280.8230948970 htr


      extrapolation for T->0
 ---->    total electron energy=           -1280.8230948970 htr

 ***** TOTAL FORCES ON ATOMS ***** 

 TOTAL FORCE FOR ATOM TYPE=  1  X=  3.061   Y=  3.061   Z=  3.061
                       FX_TOT= 0.000000 FY_TOT= 0.000000 FZ_TOT= 0.000000
 TOTAL FORCE FOR ATOM TYPE=  2  X=  0.000   Y=  0.000   Z=  0.000
                       FX_TOT= 0.000000 FY_TOT= 0.000000 FZ_TOT= 0.000000
No new postions, force convergence required= 0.00001; max force distance= 0.00000
 Type:           1  l:           0
Old: 0.17432 new:-0.23320 diff: 0.40751
 Type:           1  l:           1
Old: 0.27758 new:-0.25911 diff: 0.53669
 Type:           1  l:           2
Old: 0.22137 new:-0.23435 diff: 0.45572
 Type:           1  l:           3
Old: 0.53995 new:-0.27255 diff: 0.81250
 Type:           1  lo:           1
Old:-1.30835 new:-1.30841 diff: 0.00006
 Type:           1  lo:           2
Old:-0.66849 new:-0.66886 diff: 0.00037
 Type:           2  l:           0
Old:-0.72871 new:-0.72378 diff: 0.00493
 Type:           2  l:           1
Old:-0.18703 new:-0.18065 diff: 0.00638
 Type:           2  l:           2
Old: 0.37406 new:-0.69813 diff: 1.07219
 Type:           2  l:           3
Old: 0.53637 new:-0.69565 diff: 1.23202
 Max. mismatch of energy parameters:    1.232021

---->    distance of charge densities for spin  1                 it=    1:   223.082338 me/bohr**3
GENERALIZED ANDERSON MIXING: alpha=   0.05000 History-length=0

     ******* it=  1  is completed********




Total execution time: 3sec
 
 -------------------------------------------------
 
 most relevant subroutines:
      Total Run         ->generation of start     1.70sec=   0h  0min  1sec ->  50.8%                                                  
      eigen             ->Diagonalization         0.39sec=   0h  0min  0sec ->  11.6%                                                  
      Total Run         ->Initialization          0.19sec=   0h  0min  0sec ->   5.7%                                                  
      MT part           ->non-spherical setup     0.19sec=   0h  0min  0sec ->   5.6%                                                  
      eigen             ->Updating energy par     0.16sec=   0h  0min  0sec ->   4.7%                                                  
      generation of pote->Vxc in MT               0.11sec=   0h  0min  0sec ->   3.2%                                                  
      Charge Density Mix->Postprocessing          0.09sec=   0h  0min  0sec ->   2.7%                                                  
      cdnval            ->pwden                   0.07sec=   0h  0min  0sec ->   2.1%                                                  
      Initialization    ->stepf                   0.06sec=   0h  0min  0sec ->   1.8%                                                  
      MT part           ->spherical setup         0.06sec=   0h  0min  0sec ->   1.7%                                                  
                                                                            Sum:  89.8%
 
 -------------------------------------------------
 
Total execution time: 3sec, minimal timing printed:0sec
0     Total Run                                   3.35sec=   0h  0min  3sec -> 100.0%                                                  
0 measured in submodules:                         3.33sec=   0h  0min  3sec
 1    Initialization                              0.30sec=   0h  0min  0sec ->   8.8%                                                  
 1 measured in submodules:                        0.11sec=   0h  0min  0sec
 1    generation of start-density                 1.71sec=   0h  0min  1sec ->  51.1%                                                  
 1 measured in submodules:                        0.01sec=   0h  0min  0sec
 1    Iteration                                   1.33sec=   0h  0min  1sec ->  39.6%                                                  
 1 measured in submodules:                        1.33sec=   0h  0min  1sec
  2   generation of potential                     0.20sec=   0h  0min  0sec ->   5.9%                                                  
  2 measured in submodules:                       0.20sec=   0h  0min  0sec
   3  Vxc in MT                                   0.11sec=   0h  0min  0sec ->   3.2%                                                  
  2   gen. of hamil. and diag. (tota              0.91sec=   0h  0min  0sec ->  27.1%                                                  
  2 measured in submodules:                       0.91sec=   0h  0min  0sec
   3  eigen                                       0.91sec=   0h  0min  0sec ->  27.1%                                                  
   3 measured in submodules:                      0.91sec=   0h  0min  0sec
    4 Updating energy parameters                  0.16sec=   0h  0min  0sec ->   4.7%                                                  
    4 Setup of H&S matrices                       0.33sec=   0h  0min  0sec ->  10.0%  (14calls:    0.019sec -    0.028sec)
    4 measured in submodules:                     0.32sec=   0h  0min  0sec
    5 MT part                                     0.28sec=   0h  0min  0sec ->   8.3%  (14calls:    0.017sec -    0.023sec)
    5 measured in submodules:                     0.27sec=   0h  0min  0sec
    6 non-spherical setup                         0.19sec=   0h  0min  0sec ->   5.6%  (28calls:    0.004sec -    0.010sec)
    4 Diagonalization                             0.39sec=   0h  0min  0sec ->  11.6%  (14calls:    0.026sec -    0.029sec)
    4 measured in submodules:                     0.00sec=   0h  0min  0sec
  2   generation of new charge densi              0.13sec=   0h  0min  0sec ->   3.8%                                                  
  2 measured in submodules:                       0.13sec=   0h  0min  0sec
   3  cdnval                                      0.11sec=   0h  0min  0sec ->   3.4%                                                  
   3 measured in submodules:                      0.11sec=   0h  0min  0sec
    4 pwden                                       0.07sec=   0h  0min  0sec ->   2.1%  (14calls:    0.005sec -    0.005sec)
  2   Charge Density Mixing                       0.10sec=   0h  0min  0sec ->   2.9%                                                  
  2 measured in submodules:                       0.10sec=   0h  0min  0sec
   3  Postprocessing                              0.09sec=   0h  0min  0sec ->   2.7%                                                  
 Program used            2  PE
